79.06
148.63
221.36
246.66
117.00
50.60
28.46
41.11
85.38
88.54
88.54
164.44
110.68
196.06
126.49
117.00
79.06
148.63
221.36
246.66
117.00
50.60
28.46
41.11
85.38
88.54
88.54
164.44
110.68
196.06
126.49
117.00
79.06
148.63
221.36
246.66
117.00
50.60
28.46
41.11
85.38
88.54
88.54
164.44
110.68
196.06
126.49
117.00
79.06
148.63
221.36
246.66
117.00
50.60
28.46
41.11
85.38
88.54
88.54
164.44
110.68
196.06
126.49
117.00
79.06
148.63
221.36
246.66
117.00
50.60
28.46
41.11
85.38
88.54
88.54
164.44
110.68
196.06
126.49
117.00
79.06
148.63
221.36
246.66
117.00
50.60
28.46
41.11
85.38
88.54
88.54
164.44
110.68
196.06
126.49
117.00
79.06
148.63
221.36
246.66
117.00
50.60
28.46
41.11
85.38
88.54
88.54
164.44
110.68
196.06
126.49
117.00
79.06
148.63
221.36
246.66
117.00
50.60
28.46
41.11
85.38
88.54
88.54
164.44
110.68
196.06
126.49
117.00
79.06
148.63
221.36
246.66
117.00
50.60
28.46
41.11
85.38
88.54
88.54
164.44
110.68
196.06
126.49
117.00
79.06
148.63
221.36
246.66
117.00
50.60
28.46
41.11
85.38
88.54
88.54
164.44
110.68
196.06
126.49
117.00
79.06
148.63
221.36
246.66
117.00
50.60
28.46
41.11
85.38
88.54
88.54
164.44
110.68
196.06
126.49
117.00